import numpy as np

NB_FACES_CUBE = 6
FACETS = 9
COLORS = "RBWVOJ"
COLORS_INT = [0, 1, 2, 3, 4, 5]
n = 3

resolved_cube_3x3 = [
    'Y', 'Y', 'Y', 'Y', 'Y', 'Y', 'Y', 'Y', 'Y',
    'B', 'B', 'B', 'B', 'B', 'B', 'B', 'B', 'B',
    'R', 'R', 'R', 'R', 'R', 'R', 'R', 'R', 'R',
    'G', 'G', 'G', 'G', 'G', 'G', 'G', 'G', 'G',
    'O', 'O', 'O', 'O', 'O', 'O', 'O', 'O', 'O',
    'W', 'W', 'W', 'W', 'W', 'W', 'W', 'W', 'W'
]

resolved_cube_2x2 = [
    'Y', 'Y', 'Y', 'Y',
    'B', 'B', 'B', 'B',
    'R', 'R', 'R', 'R',
    'G', 'G', 'G', 'G',
    'O', 'O', 'O', 'O',
    'W', 'W', 'W', 'W'
]

moves = [
    "U",
    "L",
    "F",
    "R",
    "B",
    "D",
]  # up, right, front, left, back, down (order defined by the model)

colors = ["Y", "B", "R", "G", "O", "W"]  # yellow, blue, red, green, orange, white

face_color = {"Y": 0, "B": 1, "R": 2, "G": 3, "O": 4, "W": 5}

dist = np.array(
    [
        [0, 1, 1, 1, 1, 2],
        [1, 0, 1, 2, 1, 1],
        [1, 1, 0, 1, 2, 1],
        [1, 2, 1, 0, 1, 1],
        [1, 1, 2, 1, 0, 1],
        [2, 1, 1, 1, 1, 0],
    ]
)

NUMBER_OF_EDGES = 12
EDGES_PER_FACE = 4
edges = {
    0:  [46, 25],
    1:  [48, 16],
    2:  [50, 34],
    3:  [52, 43],
    4:  [41, 12],
    5:  [21, 14],
    6:  [23, 30],
    7:  [39, 32],
    8:  [1, 37],
    9:  [3, 10],
    10: [5, 28],
    11: [7, 19]
}

NUMBER_OF_CORNERS = 8
CORNERS_PER_FACE = 4
corners_3x3 = {
    0: [45, 24, 17],
    1: [47, 26, 33],
    2: [51, 44, 15],
    3: [53, 42, 35],
    4: [6, 18, 11],
    5: [8, 20, 27],
    6: [0, 38, 9],
    7: [2, 36, 29]
}

corners_2x2 = {
    0: [20, 10, 7],
    1: [21, 11, 14],
    2: [22, 19, 6],
    3: [23, 18, 15],
    4: [2, 8, 5],
    5: [3, 9, 12],
    6: [0, 17, 4],
    7: [1, 16, 13]
}

cube_rotations = {
    "x": ["L'", "M'", "R"],
    "x'": ["L", "M", "R'"],
    "y": ["U", "E'", "D'"],
    "y'": ["U'", "E", "D"],
    "z": ["F", "S", "B'"],
    "z'": ["F'", "S'", "B"],
}

cube_moves_3 = {
    'U': [(0, 2, 8, 6), (1, 5, 7, 3), (2, 8, 6, 0), (36, 27, 18, 9), (37, 28, 19, 10), (38, 29, 20, 11)],
    'L': [(9, 11, 17, 15), (10, 14, 16, 12), (11, 17, 15, 9), (0, 18, 45, 44), (3, 21, 48, 41), (6, 24, 51, 38)],
    'F': [(18, 20, 26, 24), (19, 23, 25, 21), (20, 26, 24, 18), (6, 27, 47, 17), (7, 30, 46, 14), (8, 33, 45, 11)],
    'R': [(27, 29, 35, 33), (28, 32, 34, 30), (29, 35, 33, 27), (47, 20, 2, 42), (50, 23, 5, 39), (53, 26, 8, 36)],
    'B': [(36, 38, 44, 42), (37, 41, 43, 39), (38, 44, 42, 36), (2, 9, 51, 35), (1, 12, 52, 32), (0, 15, 53, 29)],
    'D': [(45, 47, 53, 51), (46, 50, 52, 48), (47, 53, 51, 45), (15, 24, 33, 42), (16, 25, 34, 43), (17, 26, 35, 44)],
    "U'": [(11, 20, 29, 38), (10, 19, 28, 37), (9, 18, 27, 36), (0, 6, 8, 2), (3, 7, 5, 1), (6, 8, 2, 0)],
    "L'": [(38, 51, 24, 6), (41, 48, 21, 3), (44, 45, 18, 0), (9, 15, 17, 11), (12, 16, 14, 10), (15, 17, 11, 9)],
    "F'": [(11, 45, 33, 8), (14, 46, 30, 7), (17, 47, 27, 6), (18, 24, 26, 20), (21, 25, 23, 19), (24, 26, 20, 18)],
    "R'": [(36, 8, 26, 53), (39, 5, 23, 50), (42, 2, 20, 47), (27, 33, 35, 29), (30, 34, 32, 28), (33, 35, 29, 27)],
    "B'": [(29, 53, 15, 0), (32, 52, 12, 1), (35, 51, 9, 2), (36, 42, 44, 38), (39, 43, 41, 37), (42, 44, 38, 36)],
    "D'": [(44, 35, 26, 17), (43, 34, 25, 16), (42, 33, 24, 15), (45, 51, 53, 47), (48, 52, 50, 46), (51, 53, 47, 45)],
    "M": [(1, 19, 46, 43), (4, 22, 49, 40), (7, 25, 52, 37)],
    "E": [(12, 21, 30, 39), (13, 22, 31, 40), (14, 23, 32, 41)],
    "S": [(3, 28, 50, 16), (4, 31, 49, 13), (5, 34, 48, 10)]
}

cube_moves_2 = {
    'U': [(0, 1, 3, 2), (1, 3, 2, 0), (16, 12, 8, 4), (17, 13, 9, 5)],
    'L': [(4, 5, 7, 6), (5, 7, 6, 4), (0, 8, 20, 19), (2, 10, 22, 17)],
    'F': [(8, 9, 11, 10), (9, 11, 10, 8), (2, 12, 21, 7), (3, 14, 20, 5)],
    'R': [(12, 13, 15, 14), (13, 15, 14, 12), (21, 9, 1, 18), (23, 11, 3, 16)],
    'B': [(16, 17, 19, 18), (17, 19, 18, 16), (1, 4, 22, 15), (0, 6, 23, 13)],
    'D': [(20, 21, 23, 22), (21, 23, 22, 20), (6, 10, 14, 18), (7, 11, 15, 19)],
    "U'": [(5, 9, 13, 17), (4, 8, 12, 16), (0, 2, 3, 1), (2, 3, 1, 0)],
    "L'": [(17, 22, 10, 2), (19, 20, 8, 0), (4, 6, 7, 5), (6, 7, 5, 4)],
    "F'": [(5, 20, 14, 3), (7, 21, 12, 2), (8, 10, 11, 9), (10, 11, 9, 8)],
    "R'": [(16, 3, 11, 23), (18, 1, 9, 21), (12, 14, 15, 13), (14, 15, 13, 12)],
    "B'": [(13, 23, 6, 0), (15, 22, 4, 1), (16, 18, 19, 17), (18, 19, 17, 16)],
    "D'": [(19, 15, 11, 7), (18, 14, 10, 6), (20, 22, 23, 21), (22, 23, 21, 20)]
}


ortega = [
    ["L", "L", "F", "F", "L'", "F"],
    ["L", "F'", "L"],
    ["D", "R", "R", "F'"],
    ["R'", "U'", "R", "U'", "R'", "U", "U", "R"],
    ["R'", "U", "U", "R", "U", "R'", "U", "R"],
    ["F'", "R", "U", "R'", "U'", "R'", "F", "R"],
    ["R'", "F'", "R", "U", "R", "U'", "R'", "F"],
    ["F", "R", "U", "R'", "U'", "F'"],
    ["R'", "U", "R", "R", "U'", "R", "R", "U'", "R", "R", "U", "R'"],
    ["R", "R", "U", "U", "R", "U", "U", "R", "R"],
    ["L", "U'", "R", "U", "U", "R'", "F", "R", "U", "U", "R'", "L'"],
    ["R", "R", "D'", "R", "U'", "R'", "U", "F", "F", "U", "R", "U", "R'"],
    ["R", "U'", "L", "U", "U", "R'", "U", "L'"],
    ["R", "R", "F", "F", "R", "R"],
    ["R", "R", "U'", "R", "R", "U'", "D'", "R", "R", "U'", "R", "R"],
    ["L", "D'", "R", "U", "U", "R'", "D", "L'"],
]
